Mon, 11 Sep 2017 12:17:13	-0.594591 	3.531261 	1.962311 	1.774174 	38.783500 	34.697200 	5.000000 
Mon, 11 Sep 2017 12:17:33	-0.600391 	3.433569 	1.940321 	1.762873 	38.783500 	34.697200 	5.000000 
Mon, 11 Sep 2017 12:17:53	-0.579330 	3.447307 	1.963228 	1.778144 	38.783500 	34.697200 	5.000000 
Mon, 11 Sep 2017 12:18:13	-0.590013 	3.526377 	1.963228 	1.768982 	38.783500 	34.697200 	5.000000 
Mon, 11 Sep 2017 12:18:34	-0.592149 	3.478141 	1.968725 	1.773868 	38.783500 	34.697200 	5.000000 
Mon, 11 Sep 2017 12:18:54	-0.579940 	3.472952 	1.980331 	1.778755 	38.783500 	34.697200 	5.000000 
Mon, 11 Sep 2017 12:19:14	-0.588792 	3.483331 	1.973001 	1.766844 	38.783500 	34.697200 	5.000000 
Mon, 11 Sep 2017 12:19:34	-0.583908 	3.483026 	1.942459 	1.776006 	38.783500 	34.697200 	5.000000 
Mon, 11 Sep 2017 12:19:55	-0.601612 	3.412199 	1.924134 	1.759208 	38.783500 	34.697200 	5.000000 
Mon, 11 Sep 2017 12:20:15	-0.622367 	3.472646 	1.975139 	1.781809 	38.783500 	34.697200 	5.000000 
Mon, 11 Sep 2017 12:20:35	-0.612600 	3.363353 	1.953149 	1.774785 	38.783500 	34.697200 	5.000000 
Mon, 11 Sep 2017 12:20:55	-0.580245 	3.498596 	1.989188 	1.800440 	38.783500 	34.697200 	5.000000 
Mon, 11 Sep 2017 12:21:15	-0.612905 	3.458603 	1.955592 	1.776312 	38.783500 	34.697200 	5.000000 
Mon, 11 Sep 2017 12:21:35	-0.603443 	3.483942 	1.957119 	1.778755 	38.783500 	34.697200 	5.000000 
Mon, 11 Sep 2017 12:21:55	-0.610158 	3.439370 	1.948873 	1.766233 	38.783500 	34.697200 	5.000000 
Mon, 11 Sep 2017 12:22:15	-0.593676 	3.489437 	1.971474 	1.785169 	38.783500 	34.697200 	5.000000 
Mon, 11 Sep 2017 12:22:36	-0.604053 	3.440591 	1.955287 	1.775396 	38.783500 	34.697200 	5.000000 
Mon, 11 Sep 2017 12:22:56	-0.589708 	3.408841 	1.978499 	1.794637 	38.783500 	34.697200 	5.000000 
Mon, 11 Sep 2017 12:23:16	-0.595507 	3.349921 	1.971169 	1.779061 	38.783500 	34.697200 	5.000000 
Mon, 11 Sep 2017 12:23:36	-0.590318 	3.508670 	1.976055 	1.792194 	38.783500 	34.697200 	5.000000 
Mon, 11 Sep 2017 12:23:56	-0.615042 	3.354500 	1.953454 	1.771425 	38.783500 	34.697200 	5.000000 
Mon, 11 Sep 2017 12:24:16	-0.583908 	3.471730 	1.982164 	1.787001 	38.783500 	34.697200 	5.000000 
Mon, 11 Sep 2017 12:24:36	-0.587571 	3.472646 	1.959563 	1.768676 	38.783500 	34.697200 	5.000000 
Mon, 11 Sep 2017 12:24:57	-0.579024 	3.424106 	1.962006 	1.779671 	38.783500 	34.697200 	5.000000 
Mon, 11 Sep 2017 12:25:17	-0.608327 	3.492185 	1.941848 	1.768371 	38.783500 	34.697200 	5.000000 
Mon, 11 Sep 2017 12:25:37	-0.591234 	3.421663 	1.964755 	1.779977 	38.783500 	34.697200 	5.000000 
Mon, 11 Sep 2017 12:25:57	-0.598559 	3.398156 	1.961395 	1.773563 	38.783500 	34.697200 	5.000000 
Mon, 11 Sep 2017 12:26:17	-0.605274 	3.311760 	1.946124 	1.765622 	38.783500 	34.697200 	5.000000 
Mon, 11 Sep 2017 12:26:37	-0.593065 	3.455550 	1.954676 	1.773563 	38.783500 	34.697200 	5.000000 
Mon, 11 Sep 2017 12:26:57	-0.577804 	3.510807 	1.966893 	1.786391 	38.783500 	34.697200 	5.000000 
Mon, 11 Sep 2017 12:27:17	-0.602833 	3.579497 	1.947346 	1.751573 	38.783500 	34.697200 	5.000000 
Mon, 11 Sep 2017 12:27:37	-0.600696 	3.470815 	1.949178 	1.774785 	38.783500 	34.697200 	5.000000 
Mon, 11 Sep 2017 12:27:58	-0.607106 	3.577665 	1.943375 	1.766844 	38.783500 	34.697200 	5.000000 
Mon, 11 Sep 2017 12:28:18	-0.601612 	3.347478 	1.963228 	1.770203 	38.783500 	34.697200 	5.000000 
Mon, 11 Sep 2017 12:28:38	-0.590013 	3.454024 	1.945513 	1.774174 	38.783500 	34.697200 	5.000000 
Mon, 11 Sep 2017 12:28:58	-0.591234 	3.484858 	1.936656 	1.756765 	38.783500 	34.697200 	5.000000 
Mon, 11 Sep 2017 12:29:18	-0.593065 	3.468372 	1.950400 	1.768371 	38.783500 	34.697200 	5.000000 
Mon, 11 Sep 2017 12:29:39	-0.607106 	3.483637 	1.948568 	1.763790 	38.783500 	34.697200 	5.000000 
Mon, 11 Sep 2017 12:29:59	-0.594286 	3.484858 	1.943986 	1.763484 	38.783500 	34.697200 	5.000000 
Mon, 11 Sep 2017 12:30:19	-0.611989 	3.412810 	1.963838 	1.774174 	38.783500 	34.697200 	5.000000 
Mon, 11 Sep 2017 12:30:39	-0.613821 	3.531261 	1.961090 	1.781504 	38.783500 	34.697200 	5.000000 
Mon, 11 Sep 2017 12:30:59	-0.578414 	3.531261 	2.003543 	1.797691 	38.783500 	34.697200 	5.000000 
Mon, 11 Sep 2017 12:31:20	-0.594897 	3.493406 	1.978499 	1.787918 	38.783500 	34.697200 	5.000000 
Mon, 11 Sep 2017 12:31:40	-0.601612 	3.402430 	1.965060 	1.773563 	38.783500 	34.697200 	5.000000 
Mon, 11 Sep 2017 12:32:00	-0.597949 	3.509891 	1.987661 	1.797996 	38.783500 	34.697200 	5.000000 
Mon, 11 Sep 2017 12:32:20	-0.575362 	3.410673 	1.983996 	1.789445 	38.783500 	34.697200 	5.000000 
Mon, 11 Sep 2017 12:32:40	-0.585434 	3.555074 	1.977277 	1.787612 	38.783500 	34.697200 	5.000000 
Mon, 11 Sep 2017 12:33:01	-0.602222 	3.525156 	1.963228 	1.778755 	38.783500 	34.697200 	5.000000 
Mon, 11 Sep 2017 12:33:21	-0.583908 	3.427464 	1.984607 	1.785169 	38.783500 	34.697200 	5.000000 
Mon, 11 Sep 2017 12:33:41	-0.596423 	3.451581 	1.974834 	1.788834 	38.783500 	34.697200 	5.000000 
Mon, 11 Sep 2017 12:34:01	-0.609853 	3.345036 	1.954065 	1.768676 	38.783500 	34.697200 	5.000000 
Mon, 11 Sep 2017 12:34:21	-0.597033 	3.374954 	1.958341 	1.772647 	38.783500 	34.697200 	5.000000 
Mon, 11 Sep 2017 12:34:41	-0.592455 	3.510807 	1.964755 	1.772647 	38.783500 	34.697200 	5.000000 
Mon, 11 Sep 2017 12:35:02	-0.584824 	3.434180 	1.975750 	1.789139 	38.783500 	34.697200 	5.000000 
Mon, 11 Sep 2017 12:35:22	-0.583603 	3.548968 	1.992548 	1.783947 	38.783500 	34.697200 	5.000000 
Mon, 11 Sep 2017 12:35:42	-0.584519 	3.481194 	1.981247 	1.781504 	38.783500 	34.697200 	5.000000 
Mon, 11 Sep 2017 12:36:02	-0.606495 	3.425021 	1.927494 	1.750962 	38.783500 	34.697200 	5.000000 
Mon, 11 Sep 2017 12:36:22	-0.604053 	3.490963 	1.946430 	1.771730 	38.783500 	34.697200 	5.000000 
Mon, 11 Sep 2017 12:36:43	-0.578109 	3.459519 	1.970558 	1.781198 	38.783500 	34.697200 	5.000000 
Mon, 11 Sep 2017 12:37:03	-0.593676 	3.440896 	1.964449 	1.778450 	38.783500 	34.697200 	5.000000 
Mon, 11 Sep 2017 12:37:23	-0.612600 	3.322750 	1.940321 	1.765011 	38.783500 	34.697200 	5.000000 
Mon, 11 Sep 2017 12:37:43	-0.607106 	3.372512 	1.943375 	1.761346 	38.783500 	34.697200 	5.000000 
Mon, 11 Sep 2017 12:38:03	-0.609242 	3.330382 	1.935435 	1.766538 	38.783500 	34.697200 	5.000000 
Mon, 11 Sep 2017 12:38:23	-0.593981 	3.418305 	1.949178 	1.768065 	38.783500 	34.697200 	5.000000 
Mon, 11 Sep 2017 12:38:44	-0.581466 	3.454024 	1.964755 	1.776006 	38.783500 	34.697200 	5.000000 
Mon, 11 Sep 2017 12:39:04	-0.584519 	3.339541 	1.958952 	1.774479 	38.783500 	34.697200 	5.000000 
Mon, 11 Sep 2017 12:39:24	-0.564068 	3.486689 	1.973612 	1.785780 	38.783500 	34.697200 	5.000000 
Mon, 11 Sep 2017 12:39:44	-0.588181 	3.512639 	1.954676 	1.774785 	38.783500 	34.697200 	5.000000 
Mon, 11 Sep 2017 12:40:04	-0.567120 	3.465319 	1.954981 	1.788834 	38.783500 	34.697200 	5.000000 
Mon, 11 Sep 2017 12:40:25	-0.602222 	3.533704 	1.965976 	1.774785 	38.783500 	34.697200 	5.000000 
Mon, 11 Sep 2017 12:40:45	-0.597338 	3.440286 	1.971779 	1.790056 	38.783500 	34.697200 	5.000000 
Mon, 11 Sep 2017 12:41:05	-0.593676 	3.501649 	1.983385 	1.789750 	38.783500 	34.697200 	5.000000 
Mon, 11 Sep 2017 12:41:25	-0.617484 	3.453108 	1.940016 	1.761041 	38.783500 	34.697200 	5.000000 
Mon, 11 Sep 2017 12:41:45	-0.594897 	3.530346 	1.961395 	1.782115 	38.783500 	34.697200 	5.000000 
Mon, 11 Sep 2017 12:42:05	-0.582077 	3.426243 	1.986439 	1.788223 	38.783500 	34.697200 	5.000000 
Mon, 11 Sep 2017 12:42:25	-0.585129 	3.603615 	1.975139 	1.791888 	38.783500 	34.697200 	5.000000 
Mon, 11 Sep 2017 12:42:45	-0.572920 	3.443949 	1.981553 	1.784558 	38.783500 	34.697200 	5.000000 
Mon, 11 Sep 2017 12:43:06	-0.604664 	3.328550 	1.949789 	1.772952 	38.783500 	34.697200 	5.000000 
Mon, 11 Sep 2017 12:43:26	-0.603443 	3.457992 	1.949178 	1.764706 	38.783500 	34.697200 	5.000000 
Mon, 11 Sep 2017 12:43:46	-0.580856 	3.487300 	1.981247 	1.791583 	38.783500 	34.697200 	5.000000 
Mon, 11 Sep 2017 12:44:06	-0.584824 	3.556295 	1.975444 	1.787001 	38.783500 	34.697200 	5.000000 
Mon, 11 Sep 2017 12:44:26	-0.601917 	3.443339 	1.958952 	1.776006 	38.783500 	34.697200 	5.000000 
Mon, 11 Sep 2017 12:44:46	-0.586960 	3.432348 	1.967198 	1.787612 	38.783500 	34.697200 	5.000000 
Mon, 11 Sep 2017 12:45:06	-0.613210 	3.362132 	1.949789 	1.766233 	38.783500 	34.697200 	5.000000 
Mon, 11 Sep 2017 12:45:27	-0.593676 	3.395103 	1.980331 	1.772341 	38.783500 	34.697200 	5.000000 
Mon, 11 Sep 2017 12:45:47	-0.617789 	3.494016 	1.949789 	1.765011 	38.783500 	34.697200 	5.000000 
Mon, 11 Sep 2017 12:46:07	-0.573836 	3.460435 	1.977888 	1.783947 	38.783500 	34.697200 	5.000000 
Mon, 11 Sep 2017 12:46:27	-0.619315 	3.480889 	1.940627 	1.761957 	38.783500 	34.697200 	5.000000 
Mon, 11 Sep 2017 12:46:48	-0.603138 	3.443339 	1.939405 	1.762568 	38.783500 	34.697200 	5.000000 
Mon, 11 Sep 2017 12:47:08	-0.565900 	3.505007 	1.959563 	1.773563 	38.783500 	34.697200 	5.000000 
Mon, 11 Sep 2017 12:47:28	-0.597644 	3.441202 	1.955898 	1.780588 	38.783500 	34.697200 	5.000000 
Mon, 11 Sep 2017 12:47:48	-0.593065 	3.434485 	1.940627 	1.759514 	38.783500 	34.697200 	5.000000 
Mon, 11 Sep 2017 12:48:09	-0.580856 	3.508975 	1.953760 	1.772036 	38.783500 	34.697200 	5.000000 
Mon, 11 Sep 2017 12:48:29	-0.619010 	3.498901 	1.943681 	1.756460 	38.783500 	34.697200 	5.000000 
Mon, 11 Sep 2017 12:48:49	-0.583908 	3.539504 	1.966282 	1.774174 	38.783500 	34.697200 	5.000000 
Mon, 11 Sep 2017 12:49:09	-0.569257 	3.360911 	1.959257 	1.778144 	38.783500 	34.697200 	5.000000 
Mon, 11 Sep 2017 12:49:30	-0.600696 	3.485163 	1.948568 	1.765622 	38.783500 	34.697200 	5.000000 
Mon, 11 Sep 2017 12:49:50	-0.607716 	3.499817 	1.934518 	1.753100 	38.783500 	34.697200 	5.000000 
Mon, 11 Sep 2017 12:50:10	-0.581772 	3.517218 	1.990104 	1.789139 	38.783500 	34.697200 	5.000000 
Mon, 11 Sep 2017 12:50:30	-0.625725 	3.485163 	1.962922 	1.777228 	38.783500 	34.697200 	5.000000 
Mon, 11 Sep 2017 12:50:51	-0.604664 	3.350531 	1.975444 	1.786085 	38.783500 	34.697200 	5.000000 
Mon, 11 Sep 2017 12:51:11	-0.608327 	3.443949 	1.959868 	1.771730 	38.783500 	34.697200 	5.000000 
Mon, 11 Sep 2017 12:51:31	-0.618094 	3.476920 	1.948262 	1.770509 	38.783500 	34.697200 	5.000000 
Mon, 11 Sep 2017 12:51:51	-0.580245 	3.455855 	1.992548 	1.789750 	38.783500 	34.697200 	5.000000 
Mon, 11 Sep 2017 12:52:12	-0.596423 	3.470204 	1.968725 	1.783336 	38.783500 	34.697200 	5.000000 
Mon, 11 Sep 2017 12:52:32	-0.609853 	3.384113 	1.945208 	1.767760 	38.783500 	34.697200 	5.000000 
Mon, 11 Sep 2017 12:52:52	-0.603443 	3.376481 	1.952843 	1.765928 	38.783500 	34.697200 	5.000000 
Mon, 11 Sep 2017 12:53:12	-0.610158 	3.508670 	1.952843 	1.768676 	38.783500 	34.697200 	5.000000 
Mon, 11 Sep 2017 12:53:33	-0.612600 	3.452803 	1.954676 	1.771730 	38.783500 	34.697200 	5.000000 
Mon, 11 Sep 2017 12:53:53	-0.593065 	3.455550 	1.960173 	1.781809 	38.783500 	34.697200 	5.000000 
Mon, 11 Sep 2017 12:54:13	-0.584519 	3.505312 	1.980331 	1.788834 	38.783500 	34.697200 	5.000000 
Mon, 11 Sep 2017 12:54:33	-0.561321 	3.452192 	1.988272 	1.784253 	38.783500 	34.697200 	5.000000 
Mon, 11 Sep 2017 12:54:54	-0.609548 	3.309623 	1.952843 	1.771730 	38.783500 	34.697200 	5.000000 
Mon, 11 Sep 2017 12:55:14	-0.626335 	3.487300 	1.932380 	1.758292 	38.783500 	34.697200 	5.000000 
Mon, 11 Sep 2017 12:55:34	-0.605274 	3.498290 	1.947651 	1.761041 	38.783500 	34.697200 	5.000000 
Mon, 11 Sep 2017 12:55:54	-0.600391 	3.531567 	1.951622 	1.767760 	38.783500 	34.697200 	5.000000 
Mon, 11 Sep 2017 12:56:15	-0.608327 	3.464709 	1.944903 	1.760735 	38.783500 	34.697200 	5.000000 
Mon, 11 Sep 2017 12:56:35	-0.618094 	3.465930 	1.941238 	1.760735 	38.783500 	34.697200 	5.000000 
Mon, 11 Sep 2017 12:56:55	-0.578719 	3.432348 	1.974223 	1.785169 	38.783500 	34.697200 	5.000000 
Mon, 11 Sep 2017 12:57:15	-0.611684 	3.479363 	1.935740 	1.753405 	38.783500 	34.697200 	5.000000 
Mon, 11 Sep 2017 12:57:36	-0.577804 	3.541031 	1.978499 	1.784558 	38.783500 	34.697200 	5.000000 
Mon, 11 Sep 2017 12:57:56	-0.608632 	3.340151 	1.938183 	1.756460 	38.783500 	34.697200 	5.000000 
Mon, 11 Sep 2017 12:58:16	-0.586960 	3.348699 	1.967809 	1.779061 	38.783500 	34.697200 	5.000000 
Mon, 11 Sep 2017 12:58:36	-0.593065 	3.432348 	1.950400 	1.760125 	38.783500 	34.697200 	5.000000 
Mon, 11 Sep 2017 12:58:57	-0.586350 	3.551410 	1.956508 	1.769898 	38.783500 	34.697200 	5.000000 
Mon, 11 Sep 2017 12:59:17	-0.586045 	3.435401 	1.954371 	1.767455 	38.783500 	34.697200 	5.000000 
Mon, 11 Sep 2017 12:59:37	-0.569562 	3.465625 	1.963228 	1.772952 	38.783500 	34.697200 	5.000000 
Mon, 11 Sep 2017 12:59:57	-0.590929 	3.437843 	1.950400 	1.768065 	38.783500 	34.697200 	5.000000 
Mon, 11 Sep 2017 13:00:18	-0.604053 	3.439980 	1.957425 	1.773868 	38.783500 	34.697200 	5.000000 
Mon, 11 Sep 2017 13:00:38	-0.599475 	3.486689 	1.968725 	1.782726 	38.783500 	34.697200 	5.000000 
Mon, 11 Sep 2017 13:00:58	-0.592455 	3.457077 	1.979109 	1.790056 	38.783500 	34.697200 	5.000000 
Mon, 11 Sep 2017 13:01:18	-0.595507 	3.530040 	1.983996 	1.790972 	38.783500 	34.697200 	5.000000 
Mon, 11 Sep 2017 13:01:39	-0.583298 	3.406704 	1.987661 	1.795248 	38.783500 	34.697200 	5.000000 
Mon, 11 Sep 2017 13:01:59	-0.597338 	3.404262 	1.968725 	1.782726 	38.783500 	34.697200 	5.000000 
Mon, 11 Sep 2017 13:02:19	-0.611989 	3.441507 	1.953454 	1.768371 	38.783500 	34.697200 	5.000000 
Mon, 11 Sep 2017 13:02:39	-0.578719 	3.434791 	1.987661 	1.783336 	38.783500 	34.697200 	5.000000 
Mon, 11 Sep 2017 13:03:00	-0.608937 	3.548663 	1.955287 	1.779061 	38.783500 	34.697200 	5.000000 
Mon, 11 Sep 2017 13:03:20	-0.595202 	3.406094 	1.992548 	1.796469 	38.783500 	34.697200 	5.000000 
Mon, 11 Sep 2017 13:03:40	-0.594591 	3.513555 	1.961090 	1.783336 	38.783500 	34.697200 	5.000000 
Mon, 11 Sep 2017 13:04:00	-0.608937 	3.437538 	1.943986 	1.771730 	38.783500 	34.697200 	5.000000 
Mon, 11 Sep 2017 13:04:21	-0.586960 	3.539809 	1.979720 	1.779671 	38.783500 	34.697200 	5.000000 
Mon, 11 Sep 2017 13:04:41	-0.605580 	3.503786 	1.939710 	1.773563 	38.783500 	34.697200 	5.000000 
Mon, 11 Sep 2017 13:05:01	-0.608937 	3.439065 	1.945513 	1.758292 	38.783500 	34.697200 	5.000000 
Mon, 11 Sep 2017 13:05:21	-0.593370 	3.542557 	1.977277 	1.774174 	38.783500 	34.697200 	5.000000 
Mon, 11 Sep 2017 13:05:42	-0.595507 	3.492490 	1.951316 	1.779671 	38.783500 	34.697200 	5.000000 
Mon, 11 Sep 2017 13:06:02	-0.595202 	3.484247 	1.936351 	1.761957 	38.783500 	34.697200 	5.000000 
Mon, 11 Sep 2017 13:06:22	-0.615042 	3.525766 	1.953760 	1.774785 	38.783500 	34.697200 	5.000000 
Mon, 11 Sep 2017 13:06:42	-0.597338 	3.500733 	1.957119 	1.775701 	38.783500 	34.697200 	5.000000 
Mon, 11 Sep 2017 13:07:03	-0.578414 	3.487300 	1.967504 	1.776617 	38.783500 	34.697200 	5.000000 
Mon, 11 Sep 2017 13:07:23	-0.613821 	3.444865 	1.942459 	1.762568 	38.783500 	34.697200 	5.000000 
Mon, 11 Sep 2017 13:07:43	-0.597949 	3.402735 	1.958341 	1.772341 	38.783500 	34.697200 	5.000000 
Mon, 11 Sep 2017 13:08:03	-0.575056 	3.553853 	1.973001 	1.781809 	38.783500 	34.697200 	5.000000 
Mon, 11 Sep 2017 13:08:24	-0.601306 	3.361827 	1.950706 	1.771730 	38.783500 	34.697200 	5.000000 
Mon, 11 Sep 2017 13:08:44	-0.588792 	3.396324 	1.952538 	1.764095 	38.783500 	34.697200 	5.000000 
Mon, 11 Sep 2017 13:09:04	-0.588792 	3.353584 	1.958036 	1.768065 	38.783500 	34.697200 	5.000000 
Mon, 11 Sep 2017 13:09:24	-0.621757 	3.346257 	1.923523 	1.765928 	38.783500 	34.697200 	5.000000 
Mon, 11 Sep 2017 13:09:45	-0.585129 	3.456771 	1.970863 	1.782420 	38.783500 	34.697200 	5.000000 
Mon, 11 Sep 2017 13:10:05	-0.570173 	3.442728 	1.942765 	1.765011 	38.783500 	34.697200 	5.000000 
Mon, 11 Sep 2017 13:10:25	-0.587266 	3.442728 	1.990104 	1.802883 	38.783500 	34.697200 	5.000000 
Mon, 11 Sep 2017 13:10:45	-0.588792 	3.526987 	1.980331 	1.789445 	38.783500 	34.697200 	5.000000 
Mon, 11 Sep 2017 13:11:06	-0.589708 	3.466846 	1.982774 	1.790972 	38.783500 	34.697200 	5.000000 
Mon, 11 Sep 2017 13:11:26	-0.593676 	3.378312 	1.959563 	1.777533 	38.783500 	34.697200 	5.000000 
Mon, 11 Sep 2017 13:11:46	-0.588792 	3.600256 	1.987050 	1.789445 	38.783500 	34.697200 	5.000000 
Mon, 11 Sep 2017 13:12:06	-0.582687 	3.525766 	1.982469 	1.794331 	38.783500 	34.697200 	5.000000 
Mon, 11 Sep 2017 13:12:27	-0.577193 	3.479668 	1.983385 	1.788528 	38.783500 	34.697200 	5.000000 
Mon, 11 Sep 2017 13:12:47	-0.590013 	3.507449 	1.973612 	1.792804 	38.783500 	34.697200 	5.000000 
Mon, 11 Sep 2017 13:13:07	-0.585129 	3.539199 	1.977888 	1.788528 	38.783500 	34.697200 	5.000000 
Mon, 11 Sep 2017 13:13:27	-0.610769 	3.505923 	1.950095 	1.770509 	38.783500 	34.697200 	5.000000 
Mon, 11 Sep 2017 13:13:48	-0.586655 	3.501954 	1.981858 	1.787918 	38.783500 	34.697200 	5.000000 
Mon, 11 Sep 2017 13:14:08	-0.588792 	3.474783 	1.976971 	1.790666 	38.783500 	34.697200 	5.000000 
Mon, 11 Sep 2017 13:14:28	-0.591844 	3.449750 	1.958952 	1.783336 	38.783500 	34.697200 	5.000000 
Mon, 11 Sep 2017 13:14:48	-0.580245 	3.476920 	1.977888 	1.783336 	38.783500 	34.697200 	5.000000 
Mon, 11 Sep 2017 13:15:09	-0.593065 	3.488521 	1.962006 	1.772647 	38.783500 	34.697200 	5.000000 
Mon, 11 Sep 2017 13:15:29	-0.577193 	3.457992 	1.976361 	1.786391 	38.783500 	34.697200 	5.000000 
Mon, 11 Sep 2017 13:15:49	-0.574751 	3.413726 	1.965060 	1.775701 	38.783500 	34.697200 	5.000000 
Mon, 11 Sep 2017 13:16:09	-0.605885 	3.329466 	1.952843 	1.769898 	38.783500 	34.697200 	5.000000 
Mon, 11 Sep 2017 13:16:30	-0.608021 	3.416473 	1.921080 	1.762873 	38.783500 	34.697200 	5.000000 
Mon, 11 Sep 2017 13:16:50	-0.590013 	3.546831 	1.958341 	1.772341 	38.783500 	34.697200 	5.000000 
Mon, 11 Sep 2017 13:17:10	-0.617178 	3.403041 	1.944903 	1.770814 	38.783500 	34.697200 	5.000000 
Mon, 11 Sep 2017 13:17:30	-0.591844 	3.453413 	1.961701 	1.784558 	38.783500 	34.697200 	5.000000 
Mon, 11 Sep 2017 13:17:51	-0.608327 	3.371291 	1.945819 	1.757681 	38.783500 	34.697200 	5.000000 
Mon, 11 Sep 2017 13:18:11	-0.582687 	3.386555 	1.958036 	1.779671 	38.783500 	34.697200 	5.000000 
Mon, 11 Sep 2017 13:18:31	-0.602222 	3.502564 	1.936656 	1.765011 	38.783500 	34.697200 	5.000000 
Mon, 11 Sep 2017 13:18:51	-0.604359 	3.404872 	1.941848 	1.749130 	38.783500 	34.697200 	5.000000 
Mon, 11 Sep 2017 13:19:12	-0.610769 	3.428685 	1.944292 	1.758903 	38.783500 	34.697200 	5.000000 
Mon, 11 Sep 2017 13:19:32	-0.605274 	3.503175 	1.951011 	1.767455 	38.783500 	34.697200 	5.000000 
Mon, 11 Sep 2017 13:19:52	-0.573225 	3.502870 	1.972085 	1.781504 	38.783500 	34.697200 	5.000000 
Mon, 11 Sep 2017 13:20:12	-0.594591 	3.497375 	1.978193 	1.791277 	38.783500 	34.697200 	5.000000 
Mon, 11 Sep 2017 13:20:33	-0.593676 	3.464709 	1.962311 	1.778450 	38.783500 	34.697200 	5.000000 
Mon, 11 Sep 2017 13:20:53	-0.613821 	3.459519 	1.952843 	1.773258 	38.783500 	34.697200 	5.000000 
Mon, 11 Sep 2017 13:21:13	-0.582077 	3.528819 	1.986439 	1.786696 	38.783500 	34.697200 	5.000000 
Mon, 11 Sep 2017 13:21:33	-0.615958 	3.396324 	1.949484 	1.769287 	38.783500 	34.697200 	5.000000 
Mon, 11 Sep 2017 13:21:54	-0.582687 	3.520576 	1.986439 	1.796775 	38.783500 	34.697200 	5.000000 
Mon, 11 Sep 2017 13:22:14	-0.600696 	3.558737 	1.958036 	1.777228 	38.783500 	34.697200 	5.000000 
Mon, 11 Sep 2017 13:22:34	-0.593981 	3.490353 	1.968114 	1.783947 	38.783500 	34.697200 	5.000000 
Mon, 11 Sep 2017 13:22:54	-0.611074 	3.399377 	1.948873 	1.768676 	38.783500 	34.697200 	5.000000 
Mon, 11 Sep 2017 13:23:15	-0.606190 	3.573696 	1.960784 	1.774785 	38.783500 	34.697200 	5.000000 
Mon, 11 Sep 2017 13:23:35	-0.582992 	3.439370 	1.980942 	1.787001 	38.783500 	34.697200 	5.000000 
Mon, 11 Sep 2017 13:23:55	-0.608327 	3.398156 	1.961395 	1.774785 	38.783500 	34.697200 	5.000000 
Mon, 11 Sep 2017 13:24:15	-0.609548 	3.577055 	1.949178 	1.762568 	38.783500 	34.697200 	5.000000 
Mon, 11 Sep 2017 13:24:36	-0.596117 	3.480584 	1.969031 	1.779671 	38.783500 	34.697200 	5.000000 
Mon, 11 Sep 2017 13:24:56	-0.596117 	3.521492 	1.976666 	1.779366 	38.783500 	34.697200 	5.000000 
Mon, 11 Sep 2017 13:25:16	-0.594286 	3.489742 	1.946124 	1.760430 	38.783500 	34.697200 	5.000000 
Mon, 11 Sep 2017 13:25:36	-0.597338 	3.372512 	1.961395 	1.790056 	38.783500 	34.697200 	5.000000 
Mon, 11 Sep 2017 13:25:57	-0.599170 	3.510197 	1.964144 	1.771730 	38.783500 	34.697200 	5.000000 
Mon, 11 Sep 2017 13:26:17	-0.580856 	3.500122 	1.960479 	1.780588 	38.783500 	34.697200 	5.000000 
Mon, 11 Sep 2017 13:26:37	-0.602527 	3.388387 	1.938489 	1.763179 	38.783500 	34.697200 	5.000000 
Mon, 11 Sep 2017 13:26:57	-0.598559 	3.453718 	1.947346 	1.770509 	38.783500 	34.697200 	5.000000 
Mon, 11 Sep 2017 13:27:18	-0.593065 	3.368238 	1.952233 	1.776006 	38.783500 	34.697200 	5.000000 
Mon, 11 Sep 2017 13:27:38	-0.590013 	3.413726 	1.956508 	1.769898 	38.783500 	34.697200 	5.000000 
Mon, 11 Sep 2017 13:27:58	-0.591844 	3.451581 	1.965671 	1.775396 	38.783500 	34.697200 	5.000000 
Mon, 11 Sep 2017 13:28:18	-0.588181 	3.470815 	1.968114 	1.782726 	38.783500 	34.697200 	5.000000 
Mon, 11 Sep 2017 13:28:39	-0.583908 	3.501954 	1.957119 	1.772036 	38.783500 	34.697200 	5.000000 
Mon, 11 Sep 2017 13:28:59	-0.593370 	3.573391 	1.960784 	1.777533 	38.783500 	34.697200 	5.000000 
Mon, 11 Sep 2017 13:29:19	-0.594897 	3.384418 	1.960173 	1.766844 	38.783500 	34.697200 	5.000000 
Mon, 11 Sep 2017 13:29:39	-0.608327 	3.329161 	1.936351 	1.758598 	38.783500 	34.697200 	5.000000 
Mon, 11 Sep 2017 13:30:00	-0.578719 	3.494322 	1.961701 	1.777228 	38.783500 	34.697200 	5.000000 
Mon, 11 Sep 2017 13:30:20	-0.589402 	3.406094 	1.971169 	1.788834 	38.783500 	34.697200 	5.000000 
Mon, 11 Sep 2017 13:30:40	-0.588181 	3.575223 	1.982774 	1.792194 	38.783500 	34.697200 	5.000000 
Mon, 11 Sep 2017 13:31:00	-0.588792 	3.566370 	1.989494 	1.793110 	38.783500 	34.697200 	5.000000 
Mon, 11 Sep 2017 13:31:21	-0.611684 	3.469593 	1.962006 	1.776006 	38.783500 	34.697200 	5.000000 
Mon, 11 Sep 2017 13:31:41	-0.604359 	3.369764 	1.957730 	1.774785 	38.783500 	34.697200 	5.000000 
Mon, 11 Sep 2017 13:32:01	-0.581161 	3.520882 	1.980331 	1.791888 	38.783500 	34.697200 	5.000000 
Mon, 11 Sep 2017 13:32:21	-0.586350 	3.574002 	1.979720 	1.794026 	38.783500 	34.697200 	5.000000 
Mon, 11 Sep 2017 13:32:42	-0.602222 	3.514776 	1.958952 	1.773258 	38.783500 	34.697200 	5.000000 
Mon, 11 Sep 2017 13:33:02	-0.600696 	3.620711 	1.960173 	1.781809 	38.783500 	34.697200 	5.000000 
Mon, 11 Sep 2017 13:33:22	-0.590318 	3.525156 	1.975444 	1.778450 	38.783500 	34.697200 	5.000000 
Mon, 11 Sep 2017 13:33:42	-0.596117 	3.349921 	1.952538 	1.770203 	38.783500 	34.697200 	5.000000 
Mon, 11 Sep 2017 13:34:03	-0.589097 	3.490963 	1.966893 	1.781504 	38.783500 	34.697200 	5.000000 
Mon, 11 Sep 2017 13:34:23	-0.604053 	3.530651 	1.936351 	1.763179 	38.783500 	34.697200 	5.000000 
Mon, 11 Sep 2017 13:34:43	-0.581466 	3.587434 	1.976666 	1.787612 	38.783500 	34.697200 	5.000000 
Mon, 11 Sep 2017 13:35:03	-0.586960 	3.613384 	1.974223 	1.788834 	38.783500 	34.697200 	5.000000 
Mon, 11 Sep 2017 13:35:24	-0.604664 	3.519661 	1.961701 	1.775701 	38.783500 	34.697200 	5.000000 
Mon, 11 Sep 2017 13:35:44	-0.606190 	3.479668 	1.949789 	1.769287 	38.783500 	34.697200 	5.000000 
Mon, 11 Sep 2017 13:36:04	-0.616873 	3.412505 	1.931464 	1.764400 	38.783500 	34.697200 	5.000000 
Mon, 11 Sep 2017 13:36:24	-0.574141 	3.352973 	1.983996 	1.775701 	38.783500 	34.697200 	5.000000 
Mon, 11 Sep 2017 13:36:45	-0.596728 	3.431738 	1.938794 	1.761346 	38.783500 	34.697200 	5.000000 
Mon, 11 Sep 2017 13:37:05	-0.586960 	3.567285 	1.964449 	1.775396 	38.783500 	34.697200 	5.000000 
Mon, 11 Sep 2017 13:37:25	-0.599170 	3.487300 	1.930548 	1.753100 	38.783500 	34.697200 	5.000000 
Mon, 11 Sep 2017 13:37:45	-0.612905 	3.473867 	1.931159 	1.764095 	38.783500 	34.697200 	5.000000 
Mon, 11 Sep 2017 13:38:06	-0.599475 	3.447002 	1.936351 	1.758903 	38.783500 	34.697200 	5.000000 
Mon, 11 Sep 2017 13:38:26	-0.578109 	3.407925 	1.969947 	1.778450 	38.783500 	34.697200 	5.000000 
Mon, 11 Sep 2017 13:38:46	-0.588181 	3.367017 	1.958341 	1.777839 	38.783500 	34.697200 	5.000000 
Mon, 11 Sep 2017 13:39:06	-0.601306 	3.544084 	1.935129 	1.758903 	38.783500 	34.697200 	5.000000 
Mon, 11 Sep 2017 13:39:27	-0.601612 	3.442117 	1.939405 	1.757070 	38.783500 	34.697200 	5.000000 
Mon, 11 Sep 2017 13:39:47	-0.606801 	3.515081 	1.930853 	1.745465 	38.783500 	34.697200 	5.000000 
Mon, 11 Sep 2017 13:40:07	-0.573530 	3.480278 	1.949789 	1.768982 	38.783500 	34.697200 	5.000000 
Mon, 11 Sep 2017 13:40:27	-0.598254 	3.497985 	1.965976 	1.783031 	38.783500 	34.697200 	5.000000 
Mon, 11 Sep 2017 13:40:48	-0.605885 	3.429295 	1.947957 	1.768065 	38.783500 	34.697200 	5.000000 
Mon, 11 Sep 2017 13:41:08	-0.580856 	3.458603 	1.987661 	1.794331 	38.783500 	34.697200 	5.000000 
Mon, 11 Sep 2017 13:41:28	-0.594897 	3.384723 	1.974834 	1.785474 	38.783500 	34.697200 	5.000000 
Mon, 11 Sep 2017 13:41:48	-0.601612 	3.530040 	1.973917 	1.781809 	38.783500 	34.697200 	5.000000 
Mon, 11 Sep 2017 13:42:09	-0.579940 	3.548663 	1.986134 	1.790361 	38.783500 	34.697200 	5.000000 
Mon, 11 Sep 2017 13:42:29	-0.576277 	3.552632 	1.970558 	1.779977 	38.783500 	34.697200 	5.000000 
Mon, 11 Sep 2017 13:42:49	-0.611379 	3.394187 	1.944292 	1.768065 	38.783500 	34.697200 	5.000000 
Mon, 11 Sep 2017 13:43:10	-0.579635 	3.464098 	1.982774 	1.784558 	38.783500 	34.697200 	5.000000 
Mon, 11 Sep 2017 13:43:30	-0.592455 	3.540115 	1.961701 	1.783947 	38.783500 	34.697200 	5.000000 
Mon, 11 Sep 2017 13:43:50	-0.600391 	3.543168 	1.939710 	1.765011 	38.783500 	34.697200 	5.000000 
Mon, 11 Sep 2017 13:44:10	-0.586960 	3.457077 	1.974223 	1.782726 	38.783500 	34.697200 	5.000000 
Mon, 11 Sep 2017 13:44:31	-0.608327 	3.433264 	1.952843 	1.760125 	38.783500 	34.697200 	5.000000 
Mon, 11 Sep 2017 13:44:51	-0.599780 	3.457382 	1.952233 	1.768371 	38.783500 	34.697200 	5.000000 
Mon, 11 Sep 2017 13:45:11	-0.583298 	3.509281 	1.974528 	1.781504 	38.783500 	34.697200 	5.000000 
Mon, 11 Sep 2017 13:45:31	-0.588792 	3.536451 	1.952538 	1.765928 	38.783500 	34.697200 	5.000000 
Mon, 11 Sep 2017 13:45:52	-0.611684 	3.386555 	1.934213 	1.751573 	38.783500 	34.697200 	5.000000 
Mon, 11 Sep 2017 13:46:12	-0.608937 	3.466540 	1.938183 	1.759819 	38.783500 	34.697200 	5.000000 
Mon, 11 Sep 2017 13:46:32	-0.591844 	3.491269 	1.952538 	1.772952 	38.783500 	34.697200 	5.000000 
Mon, 11 Sep 2017 13:46:52	-0.589402 	3.426243 	1.964755 	1.775701 	38.783500 	34.697200 	5.000000 
Mon, 11 Sep 2017 13:47:13	-0.609242 	3.521492 	1.938183 	1.759208 	38.783500 	34.697200 	5.000000 
Mon, 11 Sep 2017 13:47:33	-0.603138 	3.567896 	1.932686 	1.754016 	38.783500 	34.697200 	5.000000 
Mon, 11 Sep 2017 13:47:53	-0.590623 	3.401820 	1.955898 	1.778144 	38.783500 	34.697200 	5.000000 
Mon, 11 Sep 2017 13:48:13	-0.580245 	3.557821 	1.960784 	1.775090 	38.783500 	34.697200 	5.000000 
Mon, 11 Sep 2017 13:48:34	-0.586350 	3.432348 	1.953454 	1.769898 	38.783500 	34.697200 	5.000000 
Mon, 11 Sep 2017 13:48:54	-0.610158 	3.381365 	1.933908 	1.756154 	38.783500 	34.697200 	5.000000 
Mon, 11 Sep 2017 13:49:14	-0.595812 	3.429906 	1.935129 	1.757681 	38.783500 	34.697200 	5.000000 
Mon, 11 Sep 2017 13:49:34	-0.576583 	3.418000 	1.954065 	1.767760 	38.783500 	34.697200 	5.000000 
Mon, 11 Sep 2017 13:49:55	-0.591234 	3.518134 	1.944292 	1.758292 	38.783500 	34.697200 	5.000000 
Mon, 11 Sep 2017 13:50:15	-0.587876 	3.351142 	1.968420 	1.784558 	38.783500 	34.697200 	5.000000 
Mon, 11 Sep 2017 13:50:35	-0.580856 	3.645439 	1.985218 	1.784863 	38.783500 	34.697200 	5.000000 
Mon, 11 Sep 2017 13:50:55	-0.614737 	3.373122 	1.951622 	1.780893 	38.783500 	34.697200 	5.000000 
Mon, 11 Sep 2017 13:51:16	-0.614737 	3.372207 	1.956203 	1.772341 	38.783500 	34.697200 	5.000000 
Mon, 11 Sep 2017 13:51:36	-0.579635 	3.513555 	1.968420 	1.779061 	38.783500 	34.697200 	5.000000 
Mon, 11 Sep 2017 13:51:56	-0.597338 	3.515081 	1.958952 	1.779671 	38.783500 	34.697200 	5.000000 
Mon, 11 Sep 2017 13:52:16	-0.580551 	3.427464 	1.976666 	1.787918 	38.783500 	34.697200 	5.000000 
Mon, 11 Sep 2017 13:52:37	-0.585434 	3.507449 	1.974528 	1.780282 	38.783500 	34.697200 	5.000000 
Mon, 11 Sep 2017 13:52:57	-0.603443 	3.357248 	1.951622 	1.763179 	38.783500 	34.697200 	5.000000 
Mon, 11 Sep 2017 13:53:17	-0.604359 	3.431127 	1.944292 	1.765011 	38.783500 	34.697200 	5.000000 
Mon, 11 Sep 2017 13:53:37	-0.593676 	3.454329 	1.963838 	1.768676 	38.783500 	34.697200 	5.000000 
Mon, 11 Sep 2017 13:53:58	-0.594286 	3.323361 	1.947346 	1.765011 	38.783500 	34.697200 	5.000000 
Mon, 11 Sep 2017 13:54:18	-0.604359 	3.423800 	1.940016 	1.761957 	38.783500 	34.697200 	5.000000 
Mon, 11 Sep 2017 13:54:38	-0.584519 	3.484247 	1.966893 	1.779366 	38.783500 	34.697200 	5.000000 
Mon, 11 Sep 2017 13:54:58	-0.583908 	3.467151 	1.966893 	1.778144 	38.783500 	34.697200 	5.000000 
Mon, 11 Sep 2017 13:55:19	-0.609853 	3.419526 	1.941238 	1.758903 	38.783500 	34.697200 	5.000000 
Mon, 11 Sep 2017 13:55:39	-0.663574 	6.453740 	2.590862 	2.336754 	38.783500 	34.697200 	5.000000 
Mon, 11 Sep 2017 13:55:59	-0.770100 	4.075284 	2.648586 	1.976971 	38.783500 	34.697200 	5.000000 
Mon, 11 Sep 2017 13:56:19	-0.748733 	4.073452 	2.667216 	1.991937 	38.783500 	34.697200 	5.000000 
Mon, 11 Sep 2017 13:56:40	-0.761858 	4.056051 	2.642478 	1.984302 	38.783500 	34.697200 	5.000000 
Mon, 11 Sep 2017 13:57:00	-0.744460 	4.075589 	2.665078 	2.001100 	38.783500 	34.697200 	5.000000 
Mon, 11 Sep 2017 13:57:20	-0.752396 	4.051471 	2.653167 	1.995297 	38.783500 	34.697200 	5.000000 
Mon, 11 Sep 2017 13:57:40	-0.768268 	4.005678 	2.641867 	1.988883 	38.783500 	34.697200 	5.000000 
Mon, 11 Sep 2017 13:58:01	-0.748733 	4.150385 	2.666911 	1.997129 	38.783500 	34.697200 	5.000000 
Mon, 11 Sep 2017 13:58:21	-0.759111 	4.039565 	2.638813 	1.978804 	38.783500 	34.697200 	5.000000 
Mon, 11 Sep 2017 13:58:41	-0.760943 	4.035291 	2.644615 	1.997740 	38.783500 	34.697200 	5.000000 
Mon, 11 Sep 2017 13:59:01	-0.739271 	4.071620 	2.667522 	1.994075 	38.783500 	34.697200 	5.000000 
Mon, 11 Sep 2017 13:59:22	-0.743850 	4.133289 	2.658970 	2.002016 	38.783500 	34.697200 	5.000000 
Mon, 11 Sep 2017 13:59:42	-0.771320 	4.112224 	2.633315 	1.976361 	38.783500 	34.697200 	5.000000 
Mon, 11 Sep 2017 14:00:02	-0.744460 	4.080169 	2.668744 	2.007513 	38.783500 	34.697200 	5.000000 
Mon, 11 Sep 2017 14:00:22	-0.764300 	4.102760 	2.676990 	2.006292 	38.783500 	34.697200 	5.000000 
Mon, 11 Sep 2017 14:00:42	-0.752396 	4.201673 	2.685542 	2.014843 	38.783500 	34.697200 	5.000000 
Mon, 11 Sep 2017 14:01:02	-0.782614 	4.156185 	2.662024 	1.995297 	38.783500 	34.697200 	5.000000 
Mon, 11 Sep 2017 14:01:23	-0.784751 	4.165649 	2.659581 	1.993159 	38.783500 	34.697200 	5.000000 
Mon, 11 Sep 2017 14:01:43	-0.755754 	4.275553 	2.677295 	2.009957 	38.783500 	34.697200 	5.000000 
Mon, 11 Sep 2017 14:02:03	-0.756059 	4.150385 	2.671798 	2.009346 	38.783500 	34.697200 	5.000000 
Mon, 11 Sep 2017 14:02:23	-0.746291 	4.194041 	2.679433 	2.007513 	38.783500 	34.697200 	5.000000 
Mon, 11 Sep 2017 14:02:44	-0.781088 	4.064599 	2.649808 	1.987967 	38.783500 	34.697200 	5.000000 
Mon, 11 Sep 2017 14:03:04	-0.756059 	4.107339 	2.670271 	2.007819 	38.783500 	34.697200 	5.000000 
Mon, 11 Sep 2017 14:03:24	-0.753007 	4.179998 	2.666911 	1.998962 	38.783500 	34.697200 	5.000000 
Mon, 11 Sep 2017 14:03:44	-0.764605 	4.102455 	2.644310 	1.986134 	38.783500 	34.697200 	5.000000 
Mon, 11 Sep 2017 14:04:04	-0.773152 	4.165038 	2.647364 	2.005681 	38.783500 	34.697200 	5.000000 
Mon, 11 Sep 2017 14:04:25	-0.749954 	4.097570 	2.668438 	2.005070 	38.783500 	34.697200 	5.000000 
Mon, 11 Sep 2017 14:04:45	-0.747207 	4.217548 	2.671798 	2.002016 	38.783500 	34.697200 	5.000000 
Mon, 11 Sep 2017 14:05:05	-0.776204 	4.033765 	2.651335 	1.988272 	38.783500 	34.697200 	5.000000 
Mon, 11 Sep 2017 14:05:25	-0.759111 	4.100623 	2.661108 	2.005681 	38.783500 	34.697200 	5.000000 
Mon, 11 Sep 2017 14:05:45	-0.766437 	4.198620 	2.648891 	1.991021 	38.783500 	34.697200 	5.000000 
Mon, 11 Sep 2017 14:06:06	-0.737745 	4.055746 	2.673019 	2.002627 	38.783500 	34.697200 	5.000000 
Mon, 11 Sep 2017 14:06:26	-0.753007 	4.073452 	2.666911 	2.001710 	38.783500 	34.697200 	5.000000 
Mon, 11 Sep 2017 14:06:46	-0.745376 	4.285932 	2.672409 	2.001405 	38.783500 	34.697200 	5.000000 
Mon, 11 Sep 2017 14:07:06	-0.757890 	4.147332 	2.661719 	1.997434 	38.783500 	34.697200 	5.000000 
Mon, 11 Sep 2017 14:07:26	-0.761553 	3.986140 	2.644921 	1.984302 	38.783500 	34.697200 	5.000000 
Mon, 11 Sep 2017 14:07:47	-0.751480 	4.106423 	2.665384 	2.000794 	38.783500 	34.697200 	5.000000 
Mon, 11 Sep 2017 14:08:07	-0.767658 	4.073147 	2.641867 	1.977277 	38.783500 	34.697200 	5.000000 
Mon, 11 Sep 2017 14:08:27	-0.735303 	4.201673 	2.675463 	2.013011 	38.783500 	34.697200 	5.000000 
Mon, 11 Sep 2017 14:08:47	-0.743544 	4.108255 	2.663551 	1.999572 	38.783500 	34.697200 	5.000000 
Mon, 11 Sep 2017 14:09:07	-0.765521 	4.189156 	2.630261 	1.972390 	38.783500 	34.697200 	5.000000 
Mon, 11 Sep 2017 14:09:28	-0.769489 	4.091769 	2.640340 	1.977582 	38.783500 	34.697200 	5.000000 
Mon, 11 Sep 2017 14:09:48	-0.737745 	4.048724 	2.667522 	1.995907 	38.783500 	34.697200 	5.000000 
Mon, 11 Sep 2017 14:10:08	-0.760943 	4.239223 	2.665995 	2.002321 	38.783500 	34.697200 	5.000000 
Mon, 11 Sep 2017 14:10:28	-0.753007 	4.195567 	2.686763 	2.017287 	38.783500 	34.697200 	5.000000 
Mon, 11 Sep 2017 14:10:48	-0.751786 	4.133289 	2.685542 	2.013011 	38.783500 	34.697200 	5.000000 
Mon, 11 Sep 2017 14:11:08	-0.748123 	4.259372 	2.695926 	2.017592 	38.783500 	34.697200 	5.000000 
Mon, 11 Sep 2017 14:11:28	-0.751175 	4.056356 	2.682793 	2.002932 	38.783500 	34.697200 	5.000000 
Mon, 11 Sep 2017 14:11:48	-0.747818 	4.141837 	2.673325 	2.012095 	38.783500 	34.697200 	5.000000 
Mon, 11 Sep 2017 14:12:09	-0.755143 	4.205642 	2.673325 	2.006292 	38.783500 	34.697200 	5.000000 
Mon, 11 Sep 2017 14:12:29	-0.753922 	4.108560 	2.676379 	2.008430 	38.783500 	34.697200 	5.000000 
Mon, 11 Sep 2017 14:12:49	-0.748123 	4.245024 	2.691955 	2.015454 	38.783500 	34.697200 	5.000000 
Mon, 11 Sep 2017 14:13:09	-0.770710 	4.187630 	2.652251 	1.992242 	38.783500 	34.697200 	5.000000 
Mon, 11 Sep 2017 14:13:29	-0.741713 	4.262730 	2.680960 	2.008430 	38.783500 	34.697200 	5.000000 
Mon, 11 Sep 2017 14:13:49	-0.634577 	5.296794 	2.126321 	1.834952 	38.783500 	34.697200 	5.000000 
Mon, 11 Sep 2017 14:14:09	-0.574751 	3.312370 	1.927799 	1.763179 	38.783500 	34.697200 	5.000000 
Mon, 11 Sep 2017 14:14:30	-0.571088 	3.355416 	1.932075 	1.758292 	38.783500 	34.697200 	5.000000 
Mon, 11 Sep 2017 14:14:50	-0.554606 	3.399988 	1.944292 	1.759819 	38.783500 	34.697200 	5.000000 
Mon, 11 Sep 2017 14:15:10	-0.576583 	3.214373 	1.887789 	1.735386 	38.783500 	34.697200 	5.000000 
Mon, 11 Sep 2017 14:15:30	-0.571088 	3.233911 	1.879849 	1.724085 	38.783500 	34.697200 	5.000000 
Mon, 11 Sep 2017 14:15:50	-0.547891 	3.351752 	1.885346 	1.732942 	38.783500 	34.697200 	5.000000 
Mon, 11 Sep 2017 14:16:10	-0.567426 	3.113323 	1.850834 	1.708509 	38.783500 	34.697200 	5.000000 
Mon, 11 Sep 2017 14:16:31	-0.536292 	3.238796 	1.872824 	1.721031 	38.783500 	34.697200 	5.000000 
Mon, 11 Sep 2017 14:16:51	-0.520725 	3.162474 	1.850528 	1.702095 	38.783500 	34.697200 	5.000000 
Mon, 11 Sep 2017 14:17:11	-0.522557 	3.140188 	1.840144 	1.695987 	38.783500 	34.697200 	5.000000 
Mon, 11 Sep 2017 14:17:31	-0.527135 	3.271156 	1.832509 	1.691711 	38.783500 	34.697200 	5.000000 
Mon, 11 Sep 2017 14:17:51	-0.533850 	3.098364 	1.787918 	1.653839 	38.783500 	34.697200 	5.000000 
Mon, 11 Sep 2017 14:18:11	-0.542397 	3.089510 	1.789139 	1.659031 	38.783500 	34.697200 	5.000000 
Mon, 11 Sep 2017 14:18:32	-0.515536 	3.080046 	1.778755 	1.648647 	38.783500 	34.697200 	5.000000 
Mon, 11 Sep 2017 14:18:52	-0.517368 	3.077909 	1.781198 	1.649563 	38.783500 	34.697200 	5.000000 
Mon, 11 Sep 2017 14:19:12	-0.517368 	3.004335 	1.742105 	1.624519 	38.783500 	34.697200 	5.000000 
Mon, 11 Sep 2017 14:19:32	-0.529272 	3.087373 	1.732637 	1.611691 	38.783500 	34.697200 	5.000000 
Mon, 11 Sep 2017 14:19:52	-0.487760 	2.935951 	1.735386 	1.610775 	38.783500 	34.697200 	5.000000 
Mon, 11 Sep 2017 14:20:12	-0.524083 	2.969227 	1.710647 	1.609248 	38.783500 	34.697200 	5.000000 
Mon, 11 Sep 2017 14:20:33	-0.498138 	2.955184 	1.734775 	1.627573 	38.783500 	34.697200 	5.000000 
Mon, 11 Sep 2017 14:20:53	-0.486539 	2.910307 	1.728056 	1.601613 	38.783500 	34.697200 	5.000000 
Mon, 11 Sep 2017 14:21:13	-0.511874 	2.941751 	1.698430 	1.577485 	38.783500 	34.697200 	5.000000 
Mon, 11 Sep 2017 14:21:33	-0.480740 	2.913359 	1.692016 	1.584815 	38.783500 	34.697200 	5.000000 
Mon, 11 Sep 2017 14:21:53	-0.482266 	2.870619 	1.683770 	1.575347 	38.783500 	34.697200 	5.000000 
Mon, 11 Sep 2017 14:22:14	-0.467310 	2.980217 	1.659031 	1.551219 	38.783500 	34.697200 	5.000000 
Mon, 11 Sep 2017 14:22:34	-0.492033 	2.838259 	1.622686 	1.534115 	38.783500 	34.697200 	5.000000 
Mon, 11 Sep 2017 14:22:54	-0.466394 	2.762547 	1.617189 	1.517623 	38.783500 	34.697200 	5.000000 
Mon, 11 Sep 2017 14:23:14	-0.467004 	2.882220 	1.614440 	1.519761 	38.783500 	34.697200 	5.000000 
Mon, 11 Sep 2017 14:23:34	-0.468531 	2.717670 	1.565879 	1.480972 	38.783500 	34.697200 	5.000000 
Mon, 11 Sep 2017 14:23:55	-0.449606 	2.754610 	1.577179 	1.476391 	38.783500 	34.697200 	5.000000 
Mon, 11 Sep 2017 14:24:15	-0.454795 	2.585175 	1.571071 	1.476086 	38.783500 	34.697200 	5.000000 
Mon, 11 Sep 2017 14:24:35	-0.436176 	2.540909 	1.541445 	1.448598 	38.783500 	34.697200 	5.000000 
Mon, 11 Sep 2017 14:24:55	-0.441975 	2.768958 	1.517012 	1.429051 	38.783500 	34.697200 	5.000000 
Mon, 11 Sep 2017 14:25:16	-0.438007 	2.734766 	1.500519 	1.413780 	38.783500 	34.697200 	5.000000 
Mon, 11 Sep 2017 14:25:36	-0.458458 	2.621810 	1.475170 	1.395761 	38.783500 	34.697200 	5.000000 
Mon, 11 Sep 2017 14:25:56	-0.416641 	2.539382 	1.479140 	1.390874 	38.783500 	34.697200 	5.000000 
Mon, 11 Sep 2017 14:26:16	-0.436176 	2.532666 	1.453790 	1.377741 	38.783500 	34.697200 	5.000000 
Mon, 11 Sep 2017 14:26:36	-0.431292 	2.380938 	1.423554 	1.347810 	38.783500 	34.697200 	5.000000 
Mon, 11 Sep 2017 14:26:56	-0.408400 	2.462144 	1.447071 	1.364303 	38.783500 	34.697200 	5.000000 
Mon, 11 Sep 2017 14:27:16	-0.401380 	2.380022 	1.422638 	1.338037 	38.783500 	34.697200 	5.000000 
Mon, 11 Sep 2017 14:27:36	-0.402295 	2.454207 	1.414697 	1.337121 	38.783500 	34.697200 	5.000000 
Mon, 11 Sep 2017 14:27:57	-0.399548 	2.267371 	1.382322 	1.299860 	38.783500 	34.697200 	5.000000 
Mon, 11 Sep 2017 14:28:17	-0.411452 	2.404140 	1.359721 	1.288559 	38.783500 	34.697200 	5.000000 
Mon, 11 Sep 2017 14:28:37	-0.393138 	2.302174 	1.354835 	1.269012 	38.783500 	34.697200 	5.000000 
Mon, 11 Sep 2017 14:28:57	-0.385813 	2.302174 	1.363386 	1.276342 	38.783500 	34.697200 	5.000000 
Mon, 11 Sep 2017 14:29:17	-0.390391 	2.346440 	1.311465 	1.242135 	38.783500 	34.697200 	5.000000 
Mon, 11 Sep 2017 14:29:37	-0.378182 	2.217609 	1.334066 	1.250687 	38.783500 	34.697200 	5.000000 
Mon, 11 Sep 2017 14:29:58	-0.366583 	2.240506 	1.308411 	1.231751 	38.783500 	34.697200 	5.000000 
Mon, 11 Sep 2017 14:30:18	-0.364141 	2.160825 	1.318795 	1.236027 	38.783500 	34.697200 	5.000000 
Mon, 11 Sep 2017 14:30:38	-0.377877 	2.208145 	1.309022 	1.229308 	38.783500 	34.697200 	5.000000 
Mon, 11 Sep 2017 14:30:58	-0.367804 	2.101905 	1.281534 	1.206402 	38.783500 	34.697200 	5.000000 
Mon, 11 Sep 2017 14:31:18	-0.384897 	2.129991 	1.265042 	1.192963 	38.783500 	34.697200 	5.000000 
Mon, 11 Sep 2017 14:31:38	-0.353764 	2.071682 	1.265347 	1.183801 	38.783500 	34.697200 	5.000000 
Mon, 11 Sep 2017 14:31:59	-0.350101 	2.234400 	1.270539 	1.185328 	38.783500 	34.697200 	5.000000 
Mon, 11 Sep 2017 14:32:19	-0.345827 	2.068629 	1.233889 	1.154175 	38.783500 	34.697200 	5.000000 
Mon, 11 Sep 2017 14:32:39	-0.362005 	2.064355 	1.215870 	1.139515 	38.783500 	34.697200 	5.000000 
Mon, 11 Sep 2017 14:32:59	-0.354374 	1.981316 	1.198155 	1.116914 	38.783500 	34.697200 	5.000000 
Mon, 11 Sep 2017 14:33:19	-0.353764 	1.934913 	1.196017 	1.115692 	38.783500 	34.697200 	5.000000 
Mon, 11 Sep 2017 14:33:39	-0.328735 	2.000244 	1.188076 	1.101032 	38.783500 	34.697200 	5.000000 
Mon, 11 Sep 2017 14:33:59	-0.339723 	1.953535 	1.166697 	1.099200 	38.783500 	34.697200 	5.000000 
Mon, 11 Sep 2017 14:34:20	-0.347354 	1.988949 	1.126077 	1.056136 	38.783500 	34.697200 	5.000000 
Mon, 11 Sep 2017 14:34:40	-0.318662 	1.968189 	1.156313 	1.069269 	38.783500 	34.697200 	5.000000 
Mon, 11 Sep 2017 14:35:00	-0.319578 	1.822567 	1.126993 	1.043003 	38.783500 	34.697200 	5.000000 
Mon, 11 Sep 2017 14:35:20	-0.312252 	1.874466 	1.130658 	1.042392 	38.783500 	34.697200 	5.000000 
Mon, 11 Sep 2017 14:35:40	-0.309200 	1.979485 	1.102865 	1.019791 	38.783500 	34.697200 	5.000000 
Mon, 11 Sep 2017 14:36:00	-0.323851 	1.809439 	1.083013 	1.002382 	38.783500 	34.697200 	5.000000 
Mon, 11 Sep 2017 14:36:20	-0.321104 	1.907437 	1.045752 	0.975200 	38.783